5.500000000000000000e+01
7.700000000000000000e+01
8.200000000000000000e+01
7.800000000000000000e+01
1.010000000000000000e+02
7.600000000000000000e+01
7.300000000000000000e+01
7.700000000000000000e+01
8.000000000000000000e+01
7.800000000000000000e+01
7.700000000000000000e+01
9.600000000000000000e+01
1.040000000000000000e+02
6.100000000000000000e+01
7.300000000000000000e+01
8.100000000000000000e+01
8.600000000000000000e+01
7.900000000000000000e+01
8.300000000000000000e+01
7.600000000000000000e+01
7.900000000000000000e+01
9.500000000000000000e+01
8.900000000000000000e+01
7.500000000000000000e+01
0.000000000000000000e+00
0.000000000000000000e+00
7.200000000000000000e+01
5.800000000000000000e+01
1.150000000000000000e+02
6.800000000000000000e+01
9.900000000000000000e+01
7.800000000000000000e+01
9.400000000000000000e+01
0.000000000000000000e+00
7.400000000000000000e+01
7.100000000000000000e+01
7.600000000000000000e+01
9.700000000000000000e+01
1.050000000000000000e+02
9.400000000000000000e+01
7.900000000000000000e+01
7.700000000000000000e+01
9.500000000000000000e+01
8.400000000000000000e+01
0.000000000000000000e+00
1.000000000000000000e+02
8.100000000000000000e+01
7.900000000000000000e+01
7.500000000000000000e+01
8.700000000000000000e+01
7.700000000000000000e+01
7.700000000000000000e+01
1.010000000000000000e+02
8.300000000000000000e+01
0.000000000000000000e+00
7.600000000000000000e+01
7.200000000000000000e+01
7.700000000000000000e+01
7.800000000000000000e+01
8.300000000000000000e+01
8.000000000000000000e+01
1.020000000000000000e+02
1.050000000000000000e+02
1.040000000000000000e+02
9.300000000000000000e+01
7.500000000000000000e+01
0.000000000000000000e+00
0.000000000000000000e+00
7.600000000000000000e+01
6.300000000000000000e+01
7.200000000000000000e+01
7.800000000000000000e+01
8.200000000000000000e+01
9.900000000000000000e+01
1.150000000000000000e+02
9.400000000000000000e+01
6.600000000000000000e+01
8.500000000000000000e+01
8.700000000000000000e+01
8.600000000000000000e+01
7.700000000000000000e+01
8.600000000000000000e+01
7.600000000000000000e+01
7.400000000000000000e+01
7.600000000000000000e+01
8.100000000000000000e+01
5.800000000000000000e+01
0.000000000000000000e+00
8.000000000000000000e+01
1.040000000000000000e+02
8.200000000000000000e+01
6.300000000000000000e+01
5.800000000000000000e+01
1.030000000000000000e+02
9.700000000000000000e+01
0.000000000000000000e+00
7.400000000000000000e+01
7.900000000000000000e+01
8.100000000000000000e+01
7.600000000000000000e+01
7.600000000000000000e+01
9.300000000000000000e+01
1.130000000000000000e+02
6.800000000000000000e+01
8.200000000000000000e+01
8.300000000000000000e+01
8.400000000000000000e+01
0.000000000000000000e+00
8.000000000000000000e+01
7.900000000000000000e+01
5.300000000000000000e+01
5.800000000000000000e+01
9.100000000000000000e+01
9.700000000000000000e+01
1.010000000000000000e+02
7.800000000000000000e+01
8.300000000000000000e+01
5.500000000000000000e+01
9.100000000000000000e+01
8.400000000000000000e+01
8.100000000000000000e+01
0.000000000000000000e+00
0.000000000000000000e+00
8.800000000000000000e+01
8.200000000000000000e+01
9.600000000000000000e+01
7.000000000000000000e+01
0.000000000000000000e+00
7.600000000000000000e+01
5.800000000000000000e+01
7.500000000000000000e+01
0.000000000000000000e+00
6.300000000000000000e+01
8.000000000000000000e+01
7.900000000000000000e+01
5.900000000000000000e+01
7.500000000000000000e+01
7.100000000000000000e+01
8.700000000000000000e+01
7.800000000000000000e+01
8.000000000000000000e+01
9.400000000000000000e+01
8.600000000000000000e+01
1.070000000000000000e+02
8.800000000000000000e+01
0.000000000000000000e+00
1.140000000000000000e+02
8.500000000000000000e+01
0.000000000000000000e+00
1.630000000000000000e+02
9.400000000000000000e+01
8.800000000000000000e+01
0.000000000000000000e+00
8.000000000000000000e+01
5.500000000000000000e+01
7.500000000000000000e+01
7.800000000000000000e+01
7.700000000000000000e+01
0.000000000000000000e+00
7.800000000000000000e+01
0.000000000000000000e+00
7.900000000000000000e+01
8.300000000000000000e+01
0.000000000000000000e+00
8.600000000000000000e+01
8.300000000000000000e+01
7.600000000000000000e+01
1.010000000000000000e+02
5.800000000000000000e+01
8.200000000000000000e+01
7.500000000000000000e+01
7.900000000000000000e+01
8.400000000000000000e+01
7.700000000000000000e+01
0.000000000000000000e+00
8.300000000000000000e+01
7.900000000000000000e+01
9.400000000000000000e+01
9.000000000000000000e+01
9.000000000000000000e+01
7.200000000000000000e+01
0.000000000000000000e+00
8.100000000000000000e+01
7.500000000000000000e+01
7.400000000000000000e+01
8.300000000000000000e+01
6.000000000000000000e+01
8.600000000000000000e+01
5.800000000000000000e+01
8.000000000000000000e+01
7.400000000000000000e+01
8.100000000000000000e+01
1.070000000000000000e+02
1.650000000000000000e+02
5.200000000000000000e+01
9.200000000000000000e+01
8.000000000000000000e+01
8.300000000000000000e+01
5.500000000000000000e+01
8.300000000000000000e+01
5.700000000000000000e+01
1.030000000000000000e+02
9.200000000000000000e+01
7.000000000000000000e+01
5.400000000000000000e+01
9.400000000000000000e+01
7.700000000000000000e+01
7.600000000000000000e+01
8.400000000000000000e+01
8.200000000000000000e+01
0.000000000000000000e+00
7.700000000000000000e+01
7.700000000000000000e+01
7.700000000000000000e+01
0.000000000000000000e+00
0.000000000000000000e+00
7.400000000000000000e+01
5.900000000000000000e+01
9.000000000000000000e+01
8.100000000000000000e+01
0.000000000000000000e+00
7.500000000000000000e+01
9.500000000000000000e+01
1.460000000000000000e+02
7.900000000000000000e+01
7.800000000000000000e+01
0.000000000000000000e+00
0.000000000000000000e+00
7.900000000000000000e+01
0.000000000000000000e+00
8.800000000000000000e+01
7.300000000000000000e+01
8.400000000000000000e+01
1.060000000000000000e+02
8.300000000000000000e+01
8.800000000000000000e+01
9.300000000000000000e+01
8.000000000000000000e+01
8.300000000000000000e+01
6.000000000000000000e+01
8.000000000000000000e+01
9.100000000000000000e+01
9.100000000000000000e+01
8.700000000000000000e+01
9.900000000000000000e+01
0.000000000000000000e+00
8.100000000000000000e+01
0.000000000000000000e+00
7.800000000000000000e+01
7.700000000000000000e+01
9.500000000000000000e+01
7.900000000000000000e+01
6.900000000000000000e+01
7.700000000000000000e+01
0.000000000000000000e+00
7.200000000000000000e+01
7.900000000000000000e+01
8.400000000000000000e+01
8.100000000000000000e+01
6.100000000000000000e+01
5.700000000000000000e+01
7.600000000000000000e+01
8.000000000000000000e+01
0.000000000000000000e+00
8.300000000000000000e+01
0.000000000000000000e+00
7.800000000000000000e+01
8.000000000000000000e+01
8.000000000000000000e+01
8.800000000000000000e+01
7.900000000000000000e+01
7.600000000000000000e+01
1.660000000000000000e+02
8.300000000000000000e+01
1.000000000000000000e+02
8.300000000000000000e+01
7.100000000000000000e+01
7.800000000000000000e+01
7.900000000000000000e+01
7.400000000000000000e+01
0.000000000000000000e+00
0.000000000000000000e+00
9.000000000000000000e+01
7.900000000000000000e+01
0.000000000000000000e+00
6.700000000000000000e+01
8.400000000000000000e+01
7.200000000000000000e+01
5.700000000000000000e+01
8.200000000000000000e+01
8.100000000000000000e+01
0.000000000000000000e+00
8.100000000000000000e+01
9.000000000000000000e+01
0.000000000000000000e+00
0.000000000000000000e+00
9.800000000000000000e+01
8.100000000000000000e+01
1.500000000000000000e+02
7.300000000000000000e+01
0.000000000000000000e+00
7.000000000000000000e+01
5.500000000000000000e+01
8.100000000000000000e+01
8.500000000000000000e+01
9.000000000000000000e+01
5.500000000000000000e+01
7.800000000000000000e+01
1.000000000000000000e+02
5.200000000000000000e+01
7.700000000000000000e+01
7.000000000000000000e+01
8.400000000000000000e+01
8.300000000000000000e+01
9.900000000000000000e+01
8.200000000000000000e+01
0.000000000000000000e+00
7.400000000000000000e+01
7.700000000000000000e+01
0.000000000000000000e+00
9.300000000000000000e+01
8.100000000000000000e+01
7.800000000000000000e+01
5.400000000000000000e+01
0.000000000000000000e+00
0.000000000000000000e+00
5.400000000000000000e+01
7.300000000000000000e+01
0.000000000000000000e+00
7.600000000000000000e+01
5.900000000000000000e+01
8.200000000000000000e+01
8.400000000000000000e+01
7.500000000000000000e+01
7.900000000000000000e+01
7.200000000000000000e+01
7.400000000000000000e+01
9.000000000000000000e+01
1.130000000000000000e+02
8.000000000000000000e+01
7.700000000000000000e+01
8.000000000000000000e+01
8.400000000000000000e+01
9.000000000000000000e+01
8.700000000000000000e+01
7.600000000000000000e+01
8.000000000000000000e+01
0.000000000000000000e+00
8.100000000000000000e+01
7.400000000000000000e+01
8.400000000000000000e+01
0.000000000000000000e+00
0.000000000000000000e+00
0.000000000000000000e+00
0.000000000000000000e+00
5.300000000000000000e+01
5.100000000000000000e+01
0.000000000000000000e+00
9.100000000000000000e+01
9.100000000000000000e+01
5.600000000000000000e+01
8.900000000000000000e+01
7.300000000000000000e+01
7.900000000000000000e+01
8.700000000000000000e+01
7.400000000000000000e+01
5.900000000000000000e+01
1.020000000000000000e+02
8.200000000000000000e+01
0.000000000000000000e+00
0.000000000000000000e+00
0.000000000000000000e+00
7.500000000000000000e+01
8.400000000000000000e+01
9.800000000000000000e+01
6.900000000000000000e+01
7.400000000000000000e+01
7.900000000000000000e+01
9.400000000000000000e+01
7.800000000000000000e+01
8.300000000000000000e+01
7.800000000000000000e+01
7.900000000000000000e+01
0.000000000000000000e+00
8.700000000000000000e+01
7.500000000000000000e+01
7.500000000000000000e+01
7.500000000000000000e+01
7.700000000000000000e+01
7.800000000000000000e+01
5.700000000000000000e+01
8.200000000000000000e+01
7.900000000000000000e+01
7.600000000000000000e+01
7.800000000000000000e+01
7.800000000000000000e+01
8.600000000000000000e+01
8.900000000000000000e+01
8.300000000000000000e+01
7.200000000000000000e+01
8.500000000000000000e+01
8.200000000000000000e+01
7.500000000000000000e+01
7.900000000000000000e+01
0.000000000000000000e+00
7.400000000000000000e+01
6.900000000000000000e+01
8.000000000000000000e+01
8.100000000000000000e+01
7.700000000000000000e+01
8.000000000000000000e+01
0.000000000000000000e+00
9.200000000000000000e+01
8.800000000000000000e+01
7.800000000000000000e+01
9.200000000000000000e+01
8.200000000000000000e+01
7.700000000000000000e+01
0.000000000000000000e+00
8.200000000000000000e+01
0.000000000000000000e+00
7.900000000000000000e+01
7.200000000000000000e+01
1.000000000000000000e+02
9.900000000000000000e+01
0.000000000000000000e+00
9.900000000000000000e+01
6.500000000000000000e+01
6.200000000000000000e+01
7.100000000000000000e+01
7.100000000000000000e+01
9.600000000000000000e+01
7.800000000000000000e+01
8.000000000000000000e+01
8.100000000000000000e+01
0.000000000000000000e+00
7.300000000000000000e+01
0.000000000000000000e+00
0.000000000000000000e+00
5.800000000000000000e+01
7.400000000000000000e+01
7.800000000000000000e+01
0.000000000000000000e+00
8.000000000000000000e+01
0.000000000000000000e+00
7.900000000000000000e+01
1.440000000000000000e+02
7.200000000000000000e+01
7.600000000000000000e+01
8.400000000000000000e+01
9.800000000000000000e+01
8.400000000000000000e+01
8.000000000000000000e+01
8.700000000000000000e+01
8.900000000000000000e+01
9.900000000000000000e+01
0.000000000000000000e+00
1.140000000000000000e+02
7.600000000000000000e+01
9.200000000000000000e+01
0.000000000000000000e+00
7.900000000000000000e+01
0.000000000000000000e+00
8.000000000000000000e+01
8.600000000000000000e+01
9.700000000000000000e+01
6.100000000000000000e+01
8.500000000000000000e+01
6.900000000000000000e+01
5.500000000000000000e+01
1.140000000000000000e+02
1.420000000000000000e+02
8.100000000000000000e+01
8.000000000000000000e+01
9.900000000000000000e+01
7.200000000000000000e+01
0.000000000000000000e+00
8.900000000000000000e+01
8.100000000000000000e+01
8.000000000000000000e+01
7.900000000000000000e+01
1.060000000000000000e+02
7.200000000000000000e+01
9.600000000000000000e+01
8.500000000000000000e+01
1.120000000000000000e+02
7.800000000000000000e+01
9.600000000000000000e+01
1.650000000000000000e+02
7.400000000000000000e+01
7.900000000000000000e+01
8.000000000000000000e+01
1.020000000000000000e+02
6.900000000000000000e+01
0.000000000000000000e+00
0.000000000000000000e+00
8.300000000000000000e+01
7.500000000000000000e+01
7.700000000000000000e+01
7.700000000000000000e+01
9.700000000000000000e+01
9.900000000000000000e+01
7.400000000000000000e+01
6.100000000000000000e+01
6.400000000000000000e+01
8.100000000000000000e+01
8.300000000000000000e+01
1.090000000000000000e+02
5.600000000000000000e+01
9.600000000000000000e+01
7.500000000000000000e+01
0.000000000000000000e+00
7.900000000000000000e+01
7.700000000000000000e+01
6.600000000000000000e+01
0.000000000000000000e+00
1.030000000000000000e+02
7.900000000000000000e+01
0.000000000000000000e+00
7.800000000000000000e+01
8.800000000000000000e+01
0.000000000000000000e+00
7.800000000000000000e+01
9.300000000000000000e+01
9.200000000000000000e+01
0.000000000000000000e+00
9.600000000000000000e+01
7.300000000000000000e+01
0.000000000000000000e+00
8.400000000000000000e+01
7.400000000000000000e+01
7.800000000000000000e+01
7.600000000000000000e+01
7.800000000000000000e+01
5.800000000000000000e+01
8.000000000000000000e+01
0.000000000000000000e+00
1.320000000000000000e+02
7.700000000000000000e+01
7.500000000000000000e+01
8.100000000000000000e+01
7.600000000000000000e+01
8.400000000000000000e+01
1.050000000000000000e+02
9.800000000000000000e+01
7.900000000000000000e+01
0.000000000000000000e+00
9.400000000000000000e+01
8.600000000000000000e+01
5.300000000000000000e+01
8.700000000000000000e+01
8.300000000000000000e+01
7.700000000000000000e+01
7.700000000000000000e+01
8.300000000000000000e+01
0.000000000000000000e+00
7.900000000000000000e+01
7.800000000000000000e+01
8.200000000000000000e+01
8.200000000000000000e+01
8.300000000000000000e+01
7.400000000000000000e+01
5.800000000000000000e+01
8.100000000000000000e+01
8.000000000000000000e+01
7.900000000000000000e+01
7.500000000000000000e+01
7.500000000000000000e+01
7.700000000000000000e+01
8.100000000000000000e+01
5.500000000000000000e+01
8.100000000000000000e+01
7.600000000000000000e+01
0.000000000000000000e+00
9.600000000000000000e+01
5.900000000000000000e+01
7.700000000000000000e+01
1.110000000000000000e+02
7.600000000000000000e+01
7.900000000000000000e+01
0.000000000000000000e+00
7.600000000000000000e+01
5.700000000000000000e+01
8.600000000000000000e+01
6.200000000000000000e+01
7.400000000000000000e+01
5.600000000000000000e+01
8.500000000000000000e+01
7.500000000000000000e+01
7.900000000000000000e+01
0.000000000000000000e+00
7.800000000000000000e+01
7.700000000000000000e+01
7.300000000000000000e+01
5.200000000000000000e+01
7.200000000000000000e+01
0.000000000000000000e+00
8.200000000000000000e+01
8.800000000000000000e+01
1.410000000000000000e+02
8.900000000000000000e+01
8.500000000000000000e+01
5.900000000000000000e+01
7.800000000000000000e+01
1.020000000000000000e+02
8.300000000000000000e+01
8.100000000000000000e+01
8.400000000000000000e+01
9.300000000000000000e+01
8.000000000000000000e+01
7.400000000000000000e+01
7.900000000000000000e+01
9.900000000000000000e+01
8.500000000000000000e+01
9.000000000000000000e+01
8.400000000000000000e+01
5.500000000000000000e+01
7.000000000000000000e+01
0.000000000000000000e+00
0.000000000000000000e+00
8.000000000000000000e+01
7.400000000000000000e+01
7.600000000000000000e+01
8.900000000000000000e+01
7.300000000000000000e+01
0.000000000000000000e+00
9.800000000000000000e+01
6.700000000000000000e+01
8.000000000000000000e+01
8.700000000000000000e+01
0.000000000000000000e+00
0.000000000000000000e+00
0.000000000000000000e+00
7.700000000000000000e+01
9.700000000000000000e+01
0.000000000000000000e+00
7.400000000000000000e+01
7.400000000000000000e+01
7.700000000000000000e+01
